117.32061
117.198814
116.565575
116.33735
116.025375
115.78051
115.67502
115.588974
115.55357
115.51842
115.436806
115.37706
115.340546
115.312386
115.29621
115.274254
115.24597
115.183655
115.12419
115.09976
115.069984
115.04258
115.02033
115.00848
114.99837
114.98791
114.97588
114.96845
114.95111
114.93411
114.91987
114.90398
114.89264
114.88569
114.87494
114.85765
114.84854
114.832245
114.8198
114.816414
114.81332
114.80707
114.80123
114.79428
114.79416
114.76962
114.76203
114.75625
114.75466
114.75116
114.74614
114.74363
114.73942
114.735916
114.7264
114.723885
114.72471
114.72471
114.7257
114.71933
114.721146
114.72143
114.717575
114.71746
114.715485
114.71472
114.7149
114.71687
114.714134
114.714195
114.71185
114.710915
114.71127
114.71109
114.711555
114.711914
114.711914
114.71168
114.7118
114.711975
114.711914
114.71185
114.71174
114.71202
114.710106
114.710106
114.71022
114.71045
114.710686
114.70566
114.70583
114.70017
114.69971
114.69959
114.699936
114.709984
114.70911
114.70916
114.70916
114.70916
114.70928
114.719795
114.71903
114.71927
114.71017
114.710106
114.71027
114.70916
114.70841
114.70852
114.708176
114.70799
114.708115
114.708176
114.70805
114.70555
114.70555
114.70555
114.7056
114.70566
114.70537
114.70513
114.70525
114.705315
114.70537
114.70555
114.70572
114.70578
114.70496
114.70491
114.7039
114.70362
114.70356
114.704666
114.70835
114.70847
114.708694
114.70905
114.70905
114.70905
114.70905
114.7115
114.71373
114.728096
114.728096
114.728096
114.728096
114.728096
114.728096
114.72763
114.72763
114.72751
114.7278
114.7278
114.72785
114.72791
114.72785
114.72821
114.72856
114.728676
114.72874
114.7288
114.7288
114.72914
114.72914
114.72914
114.7292
114.72973
114.73031
114.73031
114.73049
114.730835
114.73119
114.73124
114.7313
114.7313
114.731476
114.731476
114.73031
114.73311
114.73311
114.73323
114.73317
114.73393
114.734055
114.734116
114.734116
114.73422
114.73393
114.73376
114.73382
114.73428
114.73393
114.73505
114.73545
114.73505
114.73569
114.73954
114.73925
114.74258
