117.23789
117.001495
116.57732
116.39932
116.211876
116.085014
116.009605
115.945694
115.91579
115.87683
115.791664
115.720985
115.67724
115.63927
115.61841
115.59347
115.5527
115.47723
115.39493
115.36461
115.32156
115.28412
115.25159
115.23523
115.219925
115.20608
115.189255
115.17834
115.150764
115.12115
115.092125
115.061745
115.04574
115.03412
115.018524
114.993164
114.97997
114.95619
114.93948
114.93452
114.92809
114.91699
114.905846
114.8934
114.88446
114.84854
114.832535
114.82523
114.82085
114.81273
114.80649
114.80047
114.796555
114.788666
114.77728
114.77418
114.771904
114.771904
114.77044
114.76413
114.76337
114.76284
114.7566
114.756355
114.75245
114.75152
114.7511
114.750755
114.74777
114.747894
114.74451
114.74363
114.74351
114.74298
114.74205
114.74135
114.74082
114.74042
114.74036
114.74024
114.74012
114.74018
114.739716
114.740005
114.737144
114.73679
114.73698
114.736855
114.736916
114.72044
114.72062
114.714134
114.71238
114.71027
114.708694
114.70169
114.69941
114.69953
114.699066
114.699005
114.698944
114.69877
114.69766
114.69737
114.6833
114.684044
114.683
114.681305
114.67885
114.67879
114.67832
114.67734
114.677216
114.676926
114.676926
114.67319
114.67325
114.67325
114.6733
114.67347
114.67236
114.672134
114.672134
114.672134
114.672134
114.672134
114.67207
114.67184
114.67055
114.67014
114.66821
114.66775
114.66753
114.667465
114.66753
114.667465
114.66758
114.66758
114.66763
114.66763
114.66758
114.66758
114.66758
114.66758
114.66758
114.66758
114.66758
114.66758
114.66734
114.66734
114.66734
114.66711
114.66711
114.66711
114.66711
114.66711
114.66717
114.66717
114.66722
114.66722
114.66722
114.66722
114.66722
114.66722
114.66722
114.66722
114.66722
114.66688
114.66594
114.66583
114.66583
114.66583
114.66588
114.66583
114.66583
114.666
114.66594
114.66583
114.66378
114.66378
114.66366
114.663605
114.66366
114.663605
114.663605
114.663605
114.663376
114.66325
114.662674
114.66221
114.66209
114.66209
114.661964
114.6608
114.661385
114.6608
114.661446
114.657936
114.657005
114.65689
